1307
1317
1327
1328
1330
1331
1336
1343
1344
1347
1349
1358
1362
1364
1366
1368
1374
1375
1379
1381
1383
1384
1386
1391
1395
1396
1398
1400
1411
1415
1423
1424
1425
1430
1433
1443
1444
1450
1453
1456
1459
1460
1472
1474
1475
1476
1491
1493
1494
1497
1499
1502
1504
1506
1507
1509
1511
1513
1516
1519
1527
1533
1535
1541
1552
1555
1557
1561
1562
1564
1566
1570
1571
1581
1587
1588
1593
1596
1597
1599
5477
5485
5500
5502
5536
5564
5575
5604
5610
5616
5639
5641
5644
5677
5701
5642
1619
1308
5617
1410
1496
1449
1605
5698
1387
1408
1598
1360
1477
1537
1611
5595
5713
1421
1675
5717
1626
1721
1722
1727
5738
551
550
1434
1457
1528
1578
5497
5666
5748
5507
5608
5694
5761
5766
5557
5589
546
1306
2062
1309
2063
544
1731
1418
1451
1478
5774
5461
5792
5793
1335
1407
5422
1642
1749
5750
1646
1402
1662
5724
5743
1681
1679
1714
1294
1673
5452
2068
1563
2069
1403
1615
5479
5519
1454
1129
1898
1693
569
434
1617
432
433
5582
5704
5720
1241
5462
436
2059
1687
693
5448
1187
1883
610
1854
5456
5828
