4
2249
94	6	89	11	94	6	98	2
59	41	51	49	87	13	92	8
92	8	84	16	99	1	86	14
94	6	89	11	94	6	98	2
92	8	84	16	99	1	85	15
8	92	16	84	1	99	15	85
91	9	84	16	79	21	73	27
64	36	66	34	71	29	71	29
64	36	71	29	71	29	71	29
91	9	95	5	100	0	86	14
73	27	71	29	55	45	83	17
16	84	16	84	27	73	27	73
92	8	84	16	94	6	91	9
99	1	100	0	80	20	90	10
22	78	27	73	32	68	30	70
59	41	70	30	88	12	53	47
15	85	25	75	14	86	20	80
91	9	90	10	92	8	94	6
87	13	86	14	100	0	99	1
67	33	73	27	52	48	84	16
84	16	87	13	58	42	85	15
99	1	82	18	92	8	98	2
62	38	71	29	93	7	58	42
62	38	71	29	93	7	58	42
71	29	71	29	93	7	58	42
89	11	89	11	86	14	89	11
17	83	23	77	19	81	18	82
94	6	88	12	95	5	93	7
95	5	86	14	92	8	91	9
61	39	65	35	86	14	73	27
91	9	89	11	89	11	93	7
54	46	46	54	65	35	58	42
98	2	100	0	86	14	93	7
100	0	99	1	84	16	93	7
100	0	97	3	92	8	81	19
100	0	81	19	95	5	98	2
92	8	89	11	89	11	93	7
54	46	55	45	78	22	48	52
54	46	55	45	78	22	48	52
100	0	97	3	92	8	81	19
54	46	56	44	78	22	46	54
100	0	97	3	92	8	81	19
11	89	18	82	10	90	9	91
90	10	89	11	84	16	93	7
89	11	82	18	90	10	91	9
89	11	82	18	90	10	91	9
89	11	82	18	90	10	91	9
11	89	18	82	10	90	9	91
75	25	72	28	65	35	75	25
89	11	83	17	90	10	91	9
10	90	15	85	40	60	33	67
100	0	100	0	84	16	93	7
87	13	83	17	90	10	90	10
23	77	32	68	50	50	43	57
13	87	21	79	18	82	29	71
87	13	79	21	82	18	71	29
87	13	79	21	82	18	71	29
90	10	89	11	68	32	86	14
87	13	79	21	82	18	71	29
69	31	71	29	64	36	75	25
100	0	100	0	84	16	93	7
77	23	66	34	50	50	57	43
23	77	34	66	50	50	30	70
23	77	26	74	50	50	30	70
77	23	74	26	50	50	70	30
24	76	26	74	50	50	30	70
24	76	26	74	50	50	30	70
24	76	26	74	50	50	30	70
76	24	74	26	50	50	70	30
89	11	89	11	84	16	93	7
24	76	26	74	50	50	30	70
87	13	85	15	66	34	77	23
13	87	15	85	34	66	23	77
87	13	85	15	66	34	77	23
100	0	96	4	76	24	87	13
87	13	85	15	66	34	77	23
90	10	89	11	83	17	93	7
14	86	12	88	33	67	23	77
86	14	88	12	67	33	77	23
86	14	88	12	67	33	77	23
86	14	88	12	67	33	77	23
90	10	89	11	83	17	93	7
97	3	97	3	72	28	86	14
24	76	22	78	50	50	30	70
93	7	89	11	88	12	94	6
92	8	90	10	83	17	83	17
92	8	92	8	90	10	90	10
9	91	21	79	26	74	18	82
15	85	20	80	45	55	30	70
92	8	92	8	92	8	90	10
60	40	73	27	59	41	62	38
47	53	73	27	56	44	48	52
100	0	83	17	95	5	100	0
43	57	73	27	56	44	38	62
92	8	98	2	84	16	94	6
89	11	100	0	97	3	79	21
92	8	98	2	84	16	94	6
54	46	71	29	53	47	59	41
57	43	29	71	50	50	62	38
67	33	41	59	77	23	76	24
92	8	98	2	84	16	93	7
89	11	99	1	97	3	80	20
11	89	1	99	3	97	20	80
92	8	98	2	84	16	93	7
89	11	99	1	97	3	80	20
64	36	73	27	64	36	59	41
94	6	99	1	97	3	88	12
89	11	99	1	97	3	80	20
23	77	13	87	30	70	30	70
65	35	42	58	78	22	76	24
77	23	87	13	70	30	70	30
23	77	13	87	30	70	30	70
77	23	87	13	68	32	70	30
58	42	75	25	54	46	52	48
48	52	69	31	38	62	42	58
52	48	31	69	62	38	58	42
37	63	69	31	33	67	23	77
98	2	93	7	89	11	99	1
63	37	32	68	67	33	77	23
80	20	87	13	65	35	63	37
63	37	32	68	67	33	77	23
48	52	52	48	38	62	42	58
63	37	48	52	67	33	77	23
92	8	97	3	86	14	93	7
66	34	67	33	84	16	80	20
67	33	62	38	52	48	53	47
62	38	48	52	67	33	77	23
66	34	52	48	47	53	52	48
63	37	60	40	73	27	79	21
94	6	100	0	98	2	88	12
83	17	100	0	97	3	68	32
83	17	100	0	97	3	68	32
72	28	52	48	48	52	65	35
65	35	70	30	83	17	79	21
83	17	100	0	97	3	68	32
82	18	90	10	84	16	90	10
68	32	75	25	80	20	93	7
52	48	28	72	26	74	52	48
52	48	30	70	27	73	53	47
81	19	89	11	93	7	67	33
19	81	11	89	7	93	33	67
73	27	85	15	85	15	83	17
89	11	93	7	98	2	97	3
69	31	57	43	52	48	66	34
70	30	57	43	52	48	66	34
43	57	20	80	24	76	43	57
97	3	100	0	86	14	92	8
70	30	57	43	52	48	67	33
73	27	61	39	72	28	77	23
56	44	61	39	69	31	50	50
60	40	65	35	70	30	51	49
69	31	71	29	79	21	79	21
84	16	87	13	77	23	84	16
88	12	100	0	92	8	74	26
95	5	88	12	100	0	97	3
77	23	76	24	73	27	82	18
74	26	86	14	85	15	82	18
88	12	100	0	92	8	74	26
33	67	55	45	45	55	36	64
27	73	55	45	45	55	36	64
89	11	86	14	100	0	97	3
91	9	74	26	83	17	80	20
12	88	38	62	22	78	20	80
12	88	38	62	22	78	19	81
22	78	15	85	37	63	27	73
89	11	94	6	98	2	97	3
97	3	88	12	95	5	100	0
89	11	90	10	84	16	90	10
74	26	55	45	58	42	60	40
74	26	55	45	58	42	65	35
68	32	86	14	92	8	85	15
89	11	100	0	96	4	74	26
96	4	69	31	96	4	91	9
92	8	94	6	86	14	84	16
88	12	95	5	82	18	98	2
84	16	58	42	76	24	81	19
10	90	6	94	14	86	17	83
94	6	87	13	91	9	93	7
94	6	87	13	91	9	93	7
57	43	82	18	72	28	66	34
80	20	78	22	79	21	82	18
89	11	95	5	82	18	98	2
92	8	98	2	87	13	100	0
11	89	50	50	17	83	26	74
91	9	92	8	100	0	97	3
76	24	84	16	88	12	89	11
94	6	87	13	89	11	93	7
94	6	87	13	89	11	93	7
14	86	49	51	18	82	29	71
80	20	78	22	77	23	82	18
96	4	64	36	94	6	92	8
91	9	87	13	89	11	86	14
84	16	58	42	80	20	75	25
89	11	86	14	93	7	92	8
89	11	85	15	92	8	92	8
48	52	67	33	55	45	60	40
87	13	95	5	82	18	97	3
71	29	75	25	75	25	76	24
87	13	95	5	82	18	97	3
84	16	80	20	93	7	79	21
80	20	58	42	70	30	57	43
20	80	42	58	31	69	43	57
20	80	42	58	31	69	43	57
91	9	94	6	99	1	93	7
88	12	64	36	84	16	73	27
79	21	58	42	69	31	64	36
79	21	58	42	69	31	64	36
90	10	94	6	99	1	93	7
88	12	81	19	93	7	86	14
88	12	64	36	84	16	73	27
21	79	42	58	31	69	36	64
78	22	86	14	60	40	79	21
21	79	42	58	31	69	36	64
91	9	94	6	85	15	91	9
88	12	95	5	99	1	88	12
98	2	91	9	92	8	98	2
50	50	20	80	12	88	30	70
88	12	95	5	99	1	91	9
83	17	98	2	95	5	92	8
88	12	94	6	99	1	93	7
89	11	89	11	60	40	83	17
10	90	5	95	2	98	10	90
93	7	89	11	88	12	90	10
29	71	11	89	9	91	20	80
12	88	5	95	1	99	9	91
88	12	95	5	99	1	91	9
88	12	95	5	99	1	91	9
83	17	94	6	92	8	89	11
93	7	78	22	53	47	83	17
88	12	95	5	99	1	98	2
15	85	5	95	1	99	2	98
15	85	5	95	1	99	2	98
85	15	95	5	99	1	98	2
35	65	11	89	5	95	17	83
85	15	95	5	99	1	98	2
15	85	5	95	1	99	2	98
85	15	95	5	99	1	98	2
85	15	95	5	99	1	98	2
98	2	88	12	92	8	96	4
66	34	57	43	20	80	54	46
83	17	92	8	78	22	83	17
90	10	94	6	99	1	93	7
84	16	97	3	91	9	85	15
88	12	76	24	51	49	83	17
53	47	62	38	55	45	64	36
53	47	62	38	55	45	64	36
53	47	62	38	55	45	64	36
98	2	89	11	90	10	90	10
93	7	87	13	62	38	88	12
90	10	94	6	99	1	93	7
83	17	81	19	61	39	81	19
84	16	97	3	91	9	86	14
34	66	24	76	48	52	52	48
88	12	85	15	92	8	95	5
60	40	43	57	47	53	40	60
24	76	52	48	44	56	34	66
88	12	85	15	92	8	95	5
78	22	94	6	76	24	86	14
84	16	61	39	94	6	85	15
98	2	89	11	93	7	97	3
33	67	57	43	45	55	34	66
6	94	13	87	38	62	12	88
94	6	87	13	62	38	88	12
98	2	72	28	100	0	92	8
50	50	59	41	35	65	48	52
82	18	86	14	92	8	95	5
48	52	42	58	65	35	52	48
82	18	61	39	96	4	85	15
48	52	43	57	65	35	52	48
94	6	87	13	64	36	93	7
82	18	61	39	95	5	85	15
48	52	43	57	62	38	51	49
48	52	43	57	62	38	51	49
94	6	87	13	65	35	94	6
81	19	84	16	92	8	89	11
94	6	87	13	65	35	94	6
63	37	49	51	74	26	73	27
98	2	92	8	89	11	87	13
95	5	95	5	76	24	100	0
51	49	38	62	50	50	44	56
49	51	63	37	50	50	56	44
86	14	95	5	92	8	98	2
39	61	29	71	33	67	31	69
41	59	29	71	33	67	31	69
58	42	71	29	66	34	69	31
98	2	88	12	100	0	92	8
73	27	80	20	92	8	85	15
68	32	51	49	70	30	70	30
93	7	95	5	73	27	98	2
67	33	75	25	65	35	81	19
79	21	81	19	92	8	89	11
93	7	95	5	88	12	98	2
93	7	64	36	99	1	83	17
41	59	53	47	31	69	42	58
59	41	47	53	69	31	56	44
59	41	47	53	69	31	56	44
72	28	78	22	66	34	61	39
92	8	63	37	99	1	84	16
65	35	83	17	74	26	75	25
68	32	60	40	94	6	70	30
92	8	66	34	99	1	84	16
76	24	94	6	95	5	88	12
68	32	60	40	94	6	70	30
68	32	60	40	94	6	70	30
68	32	60	40	94	6	70	30
49	51	53	47	37	63	51	49
83	17	87	13	72	28	79	21
11	89	11	89	23	77	13	87
89	11	89	11	76	24	87	13
63	37	69	31	53	47	72	28
82	18	85	15	92	8	88	12
84	16	81	19	77	23	69	31
93	7	93	7	89	11	84	16
92	8	89	11	85	15	87	13
76	24	84	16	86	14	74	26
76	24	84	16	86	14	74	26
93	7	93	7	89	11	84	16
99	1	93	7	96	4	88	12
24	76	16	84	14	86	26	74
69	31	75	25	43	57	85	15
41	59	44	56	38	62	78	22
24	76	16	84	14	86	24	76
76	24	84	16	86	14	76	24
76	24	84	16	86	14	76	24
80	20	86	14	67	33	98	2
32	68	36	64	28	72	58	42
24	76	20	80	13	87	27	73
87	13	80	20	87	13	73	27
69	31	69	31	95	5	93	7
84	16	88	12	89	11	74	26
84	16	88	12	89	11	74	26
79	21	86	14	59	41	97	3
95	5	95	5	93	7	89	11
67	33	50	50	17	83	53	47
33	67	50	50	83	17	47	53
98	2	82	18	69	31	59	41
73	27	72	28	85	15	74	26
92	8	91	9	95	5	100	0
99	1	85	15	87	13	88	12
27	73	35	65	15	85	18	82
41	59	36	64	30	70	20	80
90	10	89	11	60	40	87	13
41	59	33	67	30	70	20	80
59	41	67	33	70	30	80	20
59	41	67	33	70	30	80	20
54	46	67	33	63	37	80	20
46	54	37	63	37	63	26	74
72	28	78	22	67	33	87	13
48	52	38	62	37	63	36	64
55	45	66	34	63	37	80	20
97	3	96	4	100	0	84	16
13	87	12	88	32	68	28	72
90	10	92	8	68	32	88	12
13	87	12	88	32	68	29	71
93	7	74	26	83	17	73	27
99	1	93	7	88	12	90	10
90	10	89	11	68	32	88	12
90	10	89	11	68	32	88	12
89	11	89	11	68	32	88	12
91	9	66	34	83	17	56	44
89	11	89	11	68	32	88	12
83	17	97	3	96	4	91	9
80	20	64	36	79	21	57	43
98	2	93	7	95	5	93	7
75	25	86	14	70	30	79	21
30	70	46	54	47	53	54	46
30	70	46	54	47	53	54	46
91	9	89	11	74	26	88	12
80	20	85	15	79	21	78	22
98	2	94	6	95	5	93	7
94	6	85	15	93	7	100	0
30	70	46	54	47	53	54	46
91	9	89	11	74	26	88	12
80	20	85	15	79	21	78	22
30	70	46	54	45	55	54	46
86	14	83	17	96	4	91	9
91	9	89	11	76	24	88	12
36	64	58	42	62	38	68	32
92	8	87	13	83	17	87	13
96	4	96	4	87	13	97	3
75	25	78	22	66	34	78	22
96	4	96	4	87	13	97	3
95	5	92	8	90	10	84	16
49	51	51	49	69	31	56	44
95	5	92	8	90	10	81	19
95	5	87	13	92	8	93	7
94	6	94	6	91	9	91	9
92	8	79	21	93	7	97	3
99	1	84	16	78	22	87	13
81	19	82	18	90	10	86	14
94	6	85	15	82	18	97	3
87	13	78	22	87	13	89	11
76	24	84	16	88	12	97	3
90	10	82	18	75	25	73	27
90	10	82	18	75	25	73	27
46	54	26	74	23	77	49	51
90	10	82	18	75	25	73	27
74	26	99	1	93	7	69	31
46	54	30	70	24	76	47	53
54	46	70	30	76	24	53	47
44	56	30	70	24	76	47	53
76	24	84	16	91	9	97	3
87	13	81	19	76	24	89	11
44	56	30	70	24	76	47	53
44	56	30	70	24	76	47	53
87	13	81	19	76	24	89	11
44	56	30	70	24	76	47	53
20	80	29	71	16	84	15	85
80	20	71	29	84	16	85	15
26	74	27	73	17	83	15	85
74	26	73	27	83	17	85	15
74	26	73	27	83	17	85	15
95	5	95	5	94	6	92	8
86	14	86	14	77	23	91	9
38	62	42	58	51	49	65	35
65	35	69	31	68	32	82	18
86	14	86	14	76	24	89	11
94	6	85	15	92	8	96	4
86	14	86	14	76	24	89	11
73	27	73	27	81	19	78	22
65	35	78	22	67	33	82	18
86	14	86	14	76	24	89	11
92	8	86	14	84	16	97	3
87	13	86	14	82	18	93	7
87	13	86	14	82	18	93	7
89	11	92	8	94	6	100	0
13	87	8	92	6	94	0	100
85	15	92	8	94	6	100	0
15	85	6	94	6	94	4	96
15	85	6	94	6	94	4	96
85	15	84	16	66	34	76	24
100	0	82	18	83	17	82	18
76	24	71	29	70	30	83	17
88	12	80	20	83	17	84	16
91	9	90	10	75	25	79	21
80	20	90	10	72	28	79	21
83	17	77	23	59	41	64	36
83	17	89	11	100	0	89	11
100	0	100	0	87	13	92	8
81	19	79	21	94	6	89	11
25	75	30	70	32	68	17	83
90	10	70	30	71	29	83	17
90	10	70	30	76	24	83	17
90	10	70	30	69	31	83	17
90	10	71	29	75	25	83	17
41	59	52	48	48	52	27	73
84	16	89	11	100	0	94	6
31	69	23	77	22	78	10	90
90	10	71	29	75	25	83	17
69	31	77	23	78	22	90	10
70	30	77	23	78	22	90	10
30	70	21	79	16	84	8	92
82	18	87	13	100	0	94	6
67	33	43	57	68	32	71	29
70	30	75	25	84	16	92	8
67	33	36	64	68	32	70	30
46	54	67	33	57	43	56	44
67	33	36	64	66	34	66	34
47	53	67	33	58	42	56	44
89	11	59	41	68	32	81	19
47	53	67	33	52	48	53	47
87	13	97	3	82	18	81	19
63	37	86	14	54	46	45	55
28	72	64	36	34	66	34	66
28	72	64	36	32	68	34	66
72	28	34	66	68	32	66	34
78	22	85	15	93	7	100	0
23	77	23	77	3	97	15	85
42	58	60	40	44	56	55	45
11	89	5	95	12	88	0	100
11	89	5	95	12	88	0	100
77	23	89	11	100	0	93	7
11	89	5	95	12	88	0	100
77	23	89	11	100	0	93	7
35	65	17	83	3	97	44	56
97	3	80	20	88	12	100	0
43	57	17	83	3	97	44	56
97	3	80	20	88	12	100	0
74	26	70	30	88	12	92	8
49	51	44	56	63	37	73	27
46	54	24	76	48	52	65	35
80	20	94	6	100	0	83	17
80	20	94	6	100	0	83	17
46	54	23	77	48	52	60	40
73	27	83	17	52	48	65	35
73	27	83	17	52	48	65	35
85	15	100	0	79	21	81	19
52	48	40	60	57	43	68	32
97	3	83	17	91	9	94	6
14	86	23	77	9	91	31	69
86	14	77	23	91	9	69	31
86	14	77	23	91	9	69	31
97	3	85	15	97	3	94	6
52	48	40	60	57	43	68	32
52	48	40	60	55	45	68	32
86	14	77	23	91	9	69	31
73	27	83	17	54	46	65	35
97	3	85	15	97	3	94	6
73	27	83	17	54	46	65	35
99	1	94	6	100	0	78	22
52	48	40	60	55	45	68	32
80	20	91	9	100	0	91	9
30	70	57	43	38	62	36	64
30	70	57	43	38	62	36	64
57	43	74	26	84	16	79	21
70	30	51	49	62	38	64	36
59	41	51	49	46	54	37	63
41	59	49	51	57	43	69	31
68	32	74	26	73	27	75	25
70	30	51	49	62	38	64	36
89	11	100	0	84	16	73	27
94	6	86	14	97	3	97	3
71	29	68	32	56	44	41	59
80	20	91	9	100	0	92	8
71	29	68	32	56	44	41	59
72	28	68	32	56	44	41	59
80	20	91	9	100	0	92	8
94	6	73	27	88	12	91	9
83	17	73	27	77	23	69	31
80	20	91	9	100	0	92	8
94	6	73	27	91	9	97	3
90	10	80	20	90	10	82	18
100	0	83	17	94	6	97	3
90	10	97	3	99	1	91	9
80	20	94	6	100	0	92	8
44	56	28	72	40	60	26	74
56	44	72	28	60	40	74	26
56	44	50	50	47	53	38	62
85	15	96	4	100	0	92	8
90	10	97	3	100	0	92	8
90	10	97	3	100	0	92	8
64	36	72	28	55	45	77	23
80	20	100	0	99	1	100	0
33	67	43	57	55	45	36	64
97	3	98	2	87	13	97	3
65	35	95	5	90	10	70	30
33	67	43	57	54	46	36	64
90	10	97	3	100	0	91	9
53	47	43	57	54	46	62	38
53	47	43	57	54	46	62	38
77	23	95	5	94	6	95	5
86	14	71	29	64	36	80	20
53	47	47	53	58	42	62	38
88	12	100	0	100	0	91	9
66	34	47	53	56	44	71	29
34	66	53	47	44	56	29	71
32	68	51	49	32	68	20	80
90	10	54	46	73	27	85	15
68	32	53	47	70	30	80	20
100	0	84	16	100	0	96	4
68	32	53	47	70	30	80	20
80	20	96	4	92	8	100	0
85	15	82	18	86	14	85	15
78	22	95	5	95	5	92	8
88	12	98	2	95	5	91	9
87	13	100	0	98	2	77	23
87	13	95	5	96	4	77	23
87	13	95	5	96	4	77	23
85	15	44	56	73	27	72	28
87	13	95	5	96	4	77	23
52	48	94	6	90	10	64	36
52	48	94	6	90	10	64	36
80	20	98	2	94	6	100	0
52	48	94	6	90	10	64	36
78	22	99	1	95	5	93	7
64	36	96	4	91	9	87	13
100	0	100	0	87	13	87	13
86	14	100	0	98	2	95	5
79	21	99	1	95	5	93	7
76	24	60	40	79	21	73	27
77	23	93	7	93	7	98	2
100	0	100	0	85	15	86	14
87	13	84	16	69	31	83	17
100	0	100	0	85	15	86	14
44	56	41	59	72	28	47	53
80	20	98	2	95	5	100	0
44	56	42	58	72	28	49	51
0	100	0	100	15	85	14	86
82	18	99	1	95	5	100	0
1	99	0	100	15	85	14	86
1	99	0	100	18	82	15	85
99	1	100	0	82	18	85	15
1	99	0	100	18	82	15	85
99	1	100	0	82	18	85	15
1	99	0	100	18	82	15	85
91	9	82	18	97	3	89	11
99	1	100	0	82	18	85	15
100	0	87	13	77	23	88	12
70	30	99	1	94	6	96	4
99	1	100	0	82	18	85	15
71	29	58	42	76	24	80	20
99	1	100	0	78	22	81	19
1	99	0	100	22	78	18	82
31	69	1	99	22	78	22	78
73	27	99	1	100	0	100	0
73	27	92	8	97	3	72	28
70	30	83	17	93	7	92	8
30	70	26	74	33	67	34	66
30	70	17	83	7	93	8	92
70	30	83	17	89	11	92	8
100	0	85	15	96	4	94	6
30	70	39	61	36	64	33	67
88	12	95	5	99	1	81	19
70	30	78	22	89	11	87	13
70	30	78	22	89	11	87	13
86	14	96	4	89	11	90	10
30	70	22	78	11	89	13	87
70	30	99	1	97	3	98	2
30	70	22	78	11	89	13	87
70	30	78	22	89	11	87	13
70	30	78	22	89	11	87	13
100	0	79	21	93	7	90	10
99	1	93	7	77	23	84	16
70	30	71	29	89	11	83	17
30	70	29	71	11	89	17	83
86	14	96	4	89	11	98	2
44	56	33	67	22	78	19	81
56	44	67	33	78	22	81	19
88	12	92	8	97	3	81	19
44	56	30	70	22	78	19	81
56	44	70	30	78	22	81	19
96	4	86	14	55	45	72	28
56	44	71	29	78	22	81	19
44	56	29	71	22	78	19	81
99	1	88	12	92	8	100	0
100	0	77	23	93	7	86	14
96	4	86	14	55	45	72	28
44	56	29	71	22	78	19	81
44	56	29	71	22	78	19	81
50	50	55	45	74	26	52	48
90	10	97	3	95	5	97	3
99	1	88	12	93	7	100	0
99	1	88	12	92	8	98	2
94	6	86	14	58	42	69	31
60	40	83	17	49	51	62	38
41	59	18	82	52	48	40	60
100	0	97	3	81	19	97	3
59	41	84	16	48	52	61	39
100	0	97	3	81	19	97	3
59	41	82	18	48	52	62	38
99	1	88	12	92	8	98	2
79	21	68	32	47	53	57	43
66	34	97	3	91	9	93	7
79	21	68	32	47	53	57	43
66	34	97	3	91	9	93	7
100	0	82	18	97	3	88	12
35	65	3	97	9	91	7	93
22	78	34	66	53	47	44	56
94	6	89	11	81	19	77	23
23	77	34	66	53	47	44	56
45	55	66	34	40	60	46	54
86	14	88	12	97	3	88	12
91	9	69	31	86	14	89	11
45	55	62	38	34	66	32	68
71	29	100	0	100	0	100	0
45	55	62	38	34	66	32	68
55	45	38	62	66	34	68	32
56	44	40	60	66	34	69	31
99	1	97	3	81	19	100	0
55	45	38	62	66	34	68	32
86	14	88	12	97	3	83	17
45	55	62	38	34	66	32	68
100	0	97	3	81	19	100	0
100	0	97	3	81	19	100	0
44	56	60	40	34	66	33	67
100	0	79	21	95	5	90	10
89	11	94	6	97	3	90	10
55	45	40	60	66	34	67	33
59	41	41	59	79	21	70	30
60	40	43	57	79	21	71	29
41	59	59	41	21	79	30	70
69	31	43	57	79	21	71	29
13	87	27	73	64	36	25	75
100	0	79	21	95	5	94	6
99	1	94	6	81	19	100	0
81	19	67	33	80	20	87	13
13	87	30	70	60	40	25	75
86	14	88	12	98	2	82	18
58	42	99	1	93	7	88	12
96	4	87	13	86	14	83	17
86	14	88	12	98	2	82	18
87	13	70	30	40	60	75	25
69	31	67	33	80	20	75	25
99	1	94	6	81	19	100	0
69	31	67	33	80	20	75	25
86	14	86	14	98	2	81	19
65	35	76	24	88	12	78	22
64	36	92	8	74	26	88	12
99	1	99	1	89	11	92	8
66	34	99	1	93	7	94	6
81	19	78	22	50	50	66	34
68	32	99	1	93	7	88	12
99	1	93	7	81	19	100	0
85	15	77	23	96	4	86	14
69	31	99	1	93	7	94	6
84	16	81	19	87	13	68	32
47	53	56	44	43	57	81	19
44	56	39	61	36	64	71	29
76	24	54	46	43	57	74	26
52	48	19	81	36	64	69	31
48	52	81	19	64	36	31	69
72	28	100	0	100	0	100	0
48	52	81	19	64	36	31	69
52	48	19	81	36	64	69	31
68	32	86	14	93	7	94	6
48	52	81	19	64	36	31	69
88	12	99	1	91	9	74	26
59	41	83	17	87	13	83	17
100	0	93	7	81	19	100	0
93	7	97	3	94	6	89	11
57	43	69	31	65	35	78	22
57	43	41	59	41	59	36	64
63	37	49	51	47	53	46	54
57	43	69	31	64	36	78	22
42	58	24	76	17	83	22	78
99	1	100	0	89	11	92	8
100	0	93	7	81	19	100	0
86	14	83	17	75	25	86	14
57	43	39	61	42	58	36	64
94	6	92	8	94	6	90	10
43	57	22	78	17	83	22	78
43	57	22	78	17	83	22	78
57	43	78	22	83	17	78	22
93	7	99	1	93	7	89	11
21	79	18	82	30	70	23	77
93	7	58	42	77	23	98	2
48	52	90	10	69	31	43	57
76	24	47	53	61	39	76	24
93	7	99	1	93	7	89	11
100	0	93	7	81	19	99	1
90	10	70	30	84	16	88	12
10	90	37	63	35	65	13	87
10	90	37	63	35	65	13	87
100	0	93	7	81	19	99	1
80	20	70	30	70	30	80	20
91	9	64	36	77	23	89	11
93	7	99	1	95	5	89	11
70	30	100	0	100	0	100	0
80	20	70	30	70	30	80	20
76	24	62	38	56	44	52	48
96	4	79	21	81	19	92	8
98	2	92	8	86	14	75	25
100	0	93	7	81	19	99	1
95	5	84	16	80	20	76	24
98	2	93	7	81	19	96	4
4	96	21	79	19	81	8	92
98	2	86	14	100	0	96	4
96	4	79	21	81	19	92	8
2	98	7	93	19	81	4	96
98	2	86	14	100	0	96	4
3	97	7	93	19	81	7	93
97	3	93	7	81	19	93	7
77	23	43	57	58	42	79	21
97	3	93	7	81	19	93	7
86	14	79	21	72	28	58	42
57	43	95	5	91	9	90	10
3	97	7	93	19	81	7	93
97	3	93	7	81	19	93	7
99	1	93	7	81	19	99	1
97	3	93	7	81	19	93	7
5	95	7	93	19	81	11	89
97	3	93	7	81	19	96	4
5	95	7	93	19	81	11	89
97	3	93	7	81	19	89	11
97	3	93	7	81	19	89	11
97	3	93	7	81	19	89	11
67	33	60	40	38	62	37	63
67	33	60	40	38	62	37	63
32	68	40	60	62	38	63	37
67	33	60	40	38	62	38	62
95	5	69	31	81	19	92	8
83	17	77	23	91	9	81	19
51	49	36	64	29	71	18	82
69	31	100	0	100	0	100	0
51	49	36	64	29	71	18	82
70	30	59	41	38	62	41	59
99	1	100	0	80	20	100	0
92	8	87	13	100	0	97	3
53	47	44	56	50	50	23	77
92	8	87	13	100	0	97	3
74	26	79	21	71	29	60	40
45	55	52	48	41	59	62	38
57	43	20	80	27	73	43	57
100	0	97	3	81	19	100	0
73	27	77	23	72	28	67	33
87	13	99	1	90	10	99	1
89	11	96	4	96	4	92	8
93	7	99	1	96	4	88	12
93	7	99	1	96	4	88	12
87	13	100	0	100	0	93	7
58	42	22	78	23	77	35	65
42	58	78	22	77	23	62	38
95	5	77	23	83	17	87	13
82	18	79	21	74	26	71	29
75	25	39	61	48	52	67	33
25	75	61	39	52	48	33	67
81	19	65	35	66	34	81	19
98	2	95	5	86	14	88	12
25	75	61	39	52	48	33	67
92	8	80	20	77	23	80	20
92	8	80	20	77	23	80	20
9	91	32	68	24	76	20	80
76	24	46	54	49	51	67	33
42	58	92	8	76	24	70	30
95	5	84	16	72	28	88	12
81	19	61	39	77	23	92	8
35	65	83	17	65	35	67	33
64	36	99	1	99	1	100	0
71	29	83	17	66	34	69	31
91	9	65	35	82	18	58	42
82	18	69	31	85	15	91	9
66	34	67	33	38	62	58	42
91	9	88	12	85	15	99	1
94	6	87	13	100	0	97	3
90	10	90	10	78	22	74	26
43	57	45	55	77	23	57	43
22	78	45	55	73	27	40	60
89	11	66	34	76	24	65	35
91	9	89	11	93	7	99	1
80	20	100	0	99	1	89	11
22	78	56	44	73	27	40	60
87	13	50	50	31	69	57	43
78	22	39	61	24	76	56	44
42	58	61	39	78	22	59	41
22	78	61	39	76	24	44	56
80	20	100	0	98	2	85	15
78	22	45	55	24	76	56	44
80	20	93	7	98	2	85	15
91	9	87	13	100	0	92	8
51	49	47	53	44	56	32	68
95	5	63	37	63	37	69	31
95	5	63	37	63	37	69	31
25	75	15	85	34	66	22	78
80	20	93	7	99	1	91	9
28	72	34	66	47	53	20	80
72	28	67	33	58	42	80	20
79	21	59	41	66	34	54	46
80	20	93	7	97	3	87	13
69	31	51	49	63	37	52	48
97	3	82	18	92	8	100	0
53	47	42	58	55	45	52	48
90	10	92	8	96	4	99	1
45	55	24	76	14	86	42	58
94	6	86	14	100	0	95	5
92	8	88	12	61	39	93	7
92	8	88	12	61	39	93	7
82	18	45	55	68	32	54	46
49	51	78	22	87	13	56	44
91	9	88	12	62	38	93	7
50	50	82	18	93	7	78	22
100	0	96	4	94	6	78	22
100	0	96	4	94	6	78	22
98	2	90	10	91	9	97	3
94	6	98	2	81	19	93	7
98	2	90	10	91	9	97	3
98	2	90	10	91	9	97	3
94	6	98	2	81	19	93	7
94	6	98	2	81	19	93	7
81	19	33	67	47	53	33	67
81	19	33	67	47	53	33	67
6	94	2	98	19	81	7	93
6	94	2	98	19	81	7	93
94	6	98	2	81	19	93	7
25	75	69	31	72	28	74	26
81	19	33	67	46	54	33	67
81	19	33	67	46	54	33	67
20	80	67	33	62	38	46	54
80	20	33	67	38	62	54	46
22	78	77	23	71	29	49	51
76	24	93	7	100	0	99	1
20	80	67	33	61	39	46	54
94	6	98	2	82	18	93	7
94	6	98	2	82	18	93	7
50	50	81	19	85	15	54	46
93	7	65	35	67	33	62	38
93	7	86	14	88	12	94	6
76	24	92	8	100	0	99	1
94	6	98	2	82	18	93	7
50	50	83	17	87	13	56	44
93	7	90	10	79	21	85	15
21	79	70	30	66	34	39	61
79	21	30	70	34	66	61	39
100	0	100	0	96	4	75	25
93	7	90	10	79	21	85	15
99	1	97	3	66	34	79	21
93	7	90	10	80	20	85	15
100	0	100	0	96	4	75	25
93	7	90	10	88	12	83	17
85	15	40	60	41	59	64	36
83	17	29	71	36	64	64	36
88	12	68	32	78	22	92	8
7	93	10	90	12	88	17	83
78	22	100	0	100	0	99	1
7	93	10	90	14	86	15	85
7	93	10	90	14	86	15	85
93	7	90	10	87	13	85	15
90	10	99	1	93	7	72	28
93	7	90	10	87	13	85	15
7	93	10	90	13	87	15	85
93	7	90	10	87	13	85	15
90	10	99	1	93	7	72	28
82	18	35	65	37	63	64	36
8	92	10	90	13	87	15	85
8	92	10	90	13	87	15	85
89	11	99	1	93	7	72	28
92	8	90	10	88	12	85	15
92	8	90	10	89	11	85	15
83	17	85	15	93	7	67	33
31	69	62	38	62	38	76	24
83	17	85	15	93	7	67	33
92	8	90	10	89	11	85	15
83	17	85	15	93	7	67	33
83	17	85	15	93	7	67	33
92	8	90	10	89	11	85	15
83	17	85	15	93	7	67	33
94	6	63	37	56	44	72	28
94	6	63	37	56	44	72	28
7	93	37	63	44	56	28	72
99	1	100	0	87	13	93	7
100	0	100	0	96	4	72	28
91	9	79	21	84	16	84	16
26	74	36	64	28	72	54	46
94	6	86	14	96	4	67	33
100	0	84	16	95	5	93	7
91	9	63	37	81	19	77	23
94	6	86	14	97	3	79	21
94	6	85	15	91	9	82	18
81	19	88	12	75	25	87	13
81	19	88	12	75	25	86	14
94	6	73	27	97	3	93	7
79	21	100	0	100	0	89	11
79	21	100	0	100	0	89	11
79	21	90	10	93	7	78	22
89	11	87	13	94	6	100	0
92	8	88	12	64	36	69	31
92	8	94	6	64	36	69	31
62	38	77	23	82	18	71	29
100	0	83	17	97	3	100	0
60	40	77	23	77	23	66	34
83	17	72	28	91	9	95	5
49	51	31	69	56	44	60	40
95	5	93	7	85	15	95	5
49	51	31	69	57	43	60	40
51	49	69	31	43	57	40	60
65	35	84	16	93	7	71	29
66	34	59	41	66	34	64	36
86	14	85	15	49	51	69	31
14	86	15	85	51	49	31	69
86	14	85	15	49	51	69	31
83	17	72	28	91	9	96	4
66	34	59	41	73	27	81	19
83	17	72	28	91	9	96	4
66	34	59	41	73	27	83	17
83	17	72	28	91	9	96	4
98	2	98	2	87	13	79	21
94	6	85	15	100	0	96	4
98	2	98	2	87	13	79	21
83	17	72	28	91	9	96	4
98	2	98	2	87	13	79	21
98	2	98	2	87	13	79	21
2	98	2	98	13	87	21	79
100	0	75	25	96	4	99	1
83	17	72	28	91	9	96	4
98	2	98	2	87	13	79	21
100	0	100	0	94	6	79	21
98	2	98	2	87	13	79	21
98	2	98	2	87	13	79	21
2	98	2	98	13	87	21	79
93	7	92	8	76	24	96	4
83	17	65	35	86	14	82	18
83	17	65	35	86	14	82	18
83	17	65	35	86	14	82	18
94	6	96	4	90	10	96	4
83	17	65	35	86	14	82	18
17	83	36	64	14	86	18	82
17	83	36	64	14	86	20	80
98	2	98	2	84	16	79	21
57	43	62	38	70	30	59	41
60	40	64	36	90	10	87	13
43	57	38	62	30	70	41	59
98	2	98	2	84	16	79	21
77	23	37	63	21	79	35	65
95	5	94	6	89	11	100	0
59	41	62	38	86	14	80	20
93	7	69	31	69	31	82	18
59	41	93	7	82	18	85	15
98	2	100	0	84	16	79	21
91	9	76	24	79	21	74	26
89	11	78	22	60	40	48	52
91	9	79	21	76	24	69	31
85	15	51	49	69	31	78	22
93	7	57	43	93	7	80	20
92	8	94	6	76	24	98	2
93	7	56	44	93	7	80	20
66	34	47	53	80	20	48	52
98	2	90	10	92	8	85	15
60	40	43	57	66	34	48	52
93	7	56	44	93	7	81	19
62	38	44	56	79	21	70	30
93	7	56	44	93	7	81	19
76	24	92	8	100	0	91	9
62	38	44	56	79	21	70	30
83	17	65	35	66	34	68	32
96	4	96	4	86	14	100	0
62	38	44	56	79	21	70	30
96	4	98	2	86	14	100	0
58	42	94	6	77	23	85	15
67	33	48	52	93	7	70	30
79	21	61	39	52	48	68	32
79	21	61	39	55	45	68	32
74	26	92	8	100	0	89	11
54	46	91	9	51	49	62	38
96	4	70	30	90	10	88	12
93	7	56	44	93	7	81	19
54	46	91	9	51	49	62	38
85	15	93	7	79	21	100	0
94	6	94	6	73	27	98	2
69	31	33	67	93	7	72	28
95	5	96	4	73	27	98	2
79	21	80	20	59	41	27	73
94	6	81	19	77	23	48	52
95	5	96	4	73	27	96	4
80	20	81	19	70	30	47	53
96	4	99	1	92	8	79	21
95	5	97	3	73	27	96	4
56	44	85	15	70	30	95	5
95	5	95	5	83	17	100	0
98	2	85	15	93	7	69	31
56	44	85	15	70	30	95	5
44	56	15	85	30	70	5	95
44	56	15	85	30	70	5	95
95	5	97	3	72	28	96	4
48	52	17	83	59	41	9	91
95	5	97	3	71	29	96	4
95	5	97	3	71	29	96	4
58	42	86	14	79	21	95	5
53	47	82	18	50	50	91	9
92	8	71	29	83	17	40	60
64	36	25	75	75	25	36	64
96	4	98	2	86	14	100	0
47	53	18	82	48	52	9	91
59	41	89	11	76	24	95	5
48	52	89	11	76	24	95	5
72	28	54	46	92	8	96	4
7	93	12	88	36	64	25	75
44	56	82	18	53	47	93	7
94	6	83	17	100	0	96	4
94	6	99	1	85	15	88	12
96	4	85	15	93	7	87	13
99	1	95	5	87	13	99	1
90	10	74	26	81	19	90	10
80	20	99	1	96	4	100	0
82	18	73	27	61	39	79	21
10	90	26	74	19	81	10	90
89	11	82	18	99	1	100	0
89	11	82	18	99	1	100	0
8	92	1	99	20	80	14	86
89	11	82	18	99	1	99	1
28	72	2	98	22	78	17	83
28	72	2	98	22	78	17	83
26	74	2	98	17	83	17	83
89	11	82	18	99	1	100	0
57	43	77	23	61	39	78	22
36	64	28	72	41	59	24	76
96	4	86	14	93	7	68	32
73	27	53	47	66	34	68	32
30	70	16	84	24	76	46	54
70	30	84	16	76	24	54	46
57	43	63	37	58	42	79	21
31	69	27	73	40	60	56	44
69	31	73	27	60	40	44	56
73	27	53	47	66	34	67	33
99	1	89	11	90	10	91	9
69	31	73	27	60	40	44	56
91	9	80	20	84	16	94	6
62	38	100	0	100	0	99	1
99	1	89	11	84	16	89	11
99	1	89	11	84	16	89	11
64	36	100	0	95	5	85	15
92	8	80	20	83	17	94	6
97	3	86	14	93	7	72	28
69	31	73	27	60	40	47	53
28	72	13	87	27	73	23	77
28	72	13	87	27	73	23	77
28	72	13	87	27	73	23	77
94	6	80	20	88	12	94	6
70	30	51	49	46	54	56	44
30	70	49	51	52	48	44	56
96	4	88	12	90	10	90	10
4	96	12	88	10	90	10	90
4	96	12	88	10	90	10	90
98	2	94	6	93	7	95	5
98	2	84	16	93	7	99	1
37	63	100	0	96	4	95	5
98	2	94	6	93	7	95	5
100	0	82	18	93	7	97	3
97	3	92	8	84	16	90	10
97	3	92	8	84	16	90	10
7	93	61	39	48	52	37	63
7	93	58	42	48	52	37	63
95	5	82	18	99	1	100	0
98	2	86	14	88	12	90	10
12	88	38	62	32	68	27	73
98	2	90	10	70	30	88	12
100	0	88	12	93	7	92	8
82	18	62	38	65	35	69	31
82	18	62	38	65	35	69	31
95	5	82	18	99	1	100	0
82	18	60	40	65	35	67	33
100	0	94	6	92	8	92	8
100	0	82	18	93	7	97	3
100	0	63	37	80	20	84	16
89	11	60	40	73	27	70	30
20	80	100	0	89	11	92	8
14	86	50	50	61	39	45	55
98	2	98	2	88	12	95	5
13	87	41	59	36	64	32	68
87	13	59	41	64	36	68	32
100	0	93	7	82	18	90	10
22	78	100	0	88	12	92	8
93	7	85	15	85	15	73	27
95	5	87	13	85	15	73	27
95	5	89	11	77	23	68	32
23	77	100	0	99	1	99	1
92	8	24	76	48	52	31	69
97	3	87	13	81	19	78	22
100	0	95	5	98	2	83	17
92	8	24	76	50	50	31	69
34	66	93	7	96	4	95	5
26	74	91	9	77	23	90	10
8	92	15	85	28	72	22	78
8	92	15	85	28	72	22	78
8	92	15	85	28	72	22	78
93	7	85	15	72	28	71	29
99	1	98	2	91	9	91	9
100	0	70	30	99	1	100	0
77	23	35	65	64	36	57	43
77	23	35	65	64	36	58	42
27	73	77	23	55	45	62	38
83	17	87	13	84	16	79	21
96	4	88	12	81	19	80	20
96	4	88	12	81	19	80	20
97	3	87	13	81	19	79	21
4	96	12	88	19	81	20	80
96	4	88	12	81	19	80	20
96	4	88	12	81	19	80	20
96	4	88	12	81	19	80	20
26	74	75	25	54	46	59	41
100	0	82	18	93	7	100	0
32	68	93	7	80	20	91	9
99	1	77	23	96	4	100	0
99	1	83	17	96	4	100	0
99	1	82	18	93	7	80	20
94	6	50	50	86	14	81	19
98	2	96	4	92	8	94	6
18	82	88	12	71	29	78	22
94	6	96	4	92	8	98	2
94	6	48	52	83	17	81	19
99	1	77	23	96	4	100	0
99	1	82	18	96	4	81	19
67	33	21	79	28	72	27	73
37	63	100	0	96	4	94	6
78	22	95	5	73	27	76	24
78	22	95	5	73	27	76	24
78	22	95	5	73	27	76	24
36	64	85	15	72	28	70	30
36	64	87	13	72	28	70	30
64	36	13	87	28	72	30	70
64	36	13	87	28	72	30	70
36	64	87	13	72	28	70	30
36	64	88	12	75	25	70	30
36	64	88	12	75	25	70	30
96	4	72	28	96	4	88	12
98	2	99	1	81	19	90	10
88	12	100	0	96	4	91	9
94	6	49	51	86	14	85	15
34	66	87	13	59	41	71	29
34	66	86	14	59	41	74	26
99	1	87	13	79	21	81	19
96	4	72	28	94	6	88	12
94	6	69	31	87	13	76	24
94	6	69	31	94	6	83	17
98	2	99	1	85	15	97	3
72	28	47	53	48	52	40	60
85	15	48	52	52	48	52	48
83	17	44	56	22	78	48	52
77	23	68	32	92	8	75	25
58	42	69	31	22	78	55	45
71	29	100	0	96	4	95	5
98	2	96	4	79	21	87	13
71	29	100	0	96	4	95	5
64	36	87	13	92	8	82	18
79	21	40	60	61	39	38	62
79	21	40	60	61	39	38	62
79	21	40	60	61	39	38	62
70	30	100	0	100	0	100	0
71	29	100	0	96	4	95	5
57	43	69	31	47	53	84	16
64	36	89	11	92	8	82	18
100	0	79	21	88	12	97	3
88	12	94	6	94	6	95	5
64	36	89	11	92	8	82	18
41	59	6	94	10	90	10	90
100	0	79	21	92	8	100	0
71	29	100	0	96	4	95	5
65	35	89	11	92	8	82	18
71	29	100	0	96	4	95	5
84	16	71	29	64	36	65	35
100	0	79	21	96	4	100	0
86	14	72	28	65	35	66	34
84	16	75	25	65	35	66	34
98	2	77	23	64	36	100	0
85	15	93	7	92	8	95	5
94	6	69	31	91	9	67	33
100	0	80	20	92	8	100	0
100	0	79	21	92	8	100	0
66	34	87	13	92	8	78	22
84	16	75	25	60	40	62	38
71	29	88	12	92	8	78	22
96	4	89	11	99	1	91	9
96	4	96	4	96	4	90	10
92	8	87	13	85	15	72	28
75	25	72	28	77	23	74	26
34	66	55	45	46	54	56	44
25	75	28	72	23	77	26	74
25	75	26	74	23	77	26	74
99	1	85	15	96	4	98	2
100	0	78	22	92	8	100	0
34	66	56	44	43	57	56	44
78	22	99	1	96	4	94	6
75	25	74	26	77	23	73	27
77	23	74	26	77	23	76	24
77	23	74	26	77	23	76	24
27	73	28	72	31	69	42	58
100	0	89	11	100	0	89	11
97	3	84	16	96	4	95	5
72	28	73	27	75	25	69	31
92	8	87	13	90	10	70	30
72	28	73	27	75	25	69	31
73	27	80	20	92	8	82	18
93	7	72	28	86	14	81	19
88	12	100	0	78	22	98	2
72	28	54	46	67	33	69	31
45	55	67	33	83	17	58	42
72	28	54	46	67	33	63	37
28	72	47	53	33	67	37	63
72	28	53	47	67	33	63	37
73	27	53	47	67	33	63	37
86	14	96	4	67	33	86	14
86	14	96	4	67	33	86	14
73	27	55	45	72	28	74	26
9	91	29	71	11	89	11	89
86	14	96	4	66	34	86	14
74	26	100	0	100	0	100	0
96	4	89	11	99	1	94	6
72	28	88	12	93	7	82	18
91	9	71	29	89	11	89	11
94	6	89	11	72	28	83	17
75	25	88	12	93	7	82	18
75	25	88	12	93	7	82	18
69	31	77	23	57	43	65	35
90	10	78	22	71	29	77	23
12	88	23	77	39	61	33	67
12	88	23	77	39	61	33	67
43	57	62	38	51	49	74	26
99	1	85	15	93	7	66	34
53	47	20	80	57	43	26	74
93	7	66	34	92	8	56	44
47	53	80	20	43	57	74	26
94	6	81	19	99	1	90	10
67	33	78	22	72	28	79	21
98	2	93	7	91	9	90	10
98	2	93	7	91	9	90	10
98	2	93	7	91	9	90	10
98	2	93	7	91	9	90	10
53	47	74	26	43	57	74	26
96	4	88	12	86	14	94	6
47	53	26	74	56	44	26	74
82	18	92	8	73	27	97	3
86	14	99	1	91	9	90	10
57	43	89	11	76	24	75	25
84	16	98	2	77	23	86	14
86	14	99	1	91	9	90	10
98	2	99	1	86	14	96	4
73	27	91	9	99	1	89	11
43	57	21	79	36	64	29	71
43	57	21	79	36	64	29	71
96	4	89	11	97	3	94	6
62	38	62	38	50	50	76	24
64	36	62	38	48	52	76	24
2	98	19	81	18	82	34	66
100	0	88	12	96	4	68	32
98	2	80	20	85	15	73	27
43	57	60	40	67	33	53	47
100	0	83	17	97	3	100	0
43	57	21	79	21	79	35	65
51	49	59	41	79	21	56	44
72	28	90	10	96	4	82	18
71	29	90	10	84	16	80	20
70	30	79	21	54	46	87	13
100	0	90	10	98	2	77	23
56	44	61	39	38	62	71	29
54	46	59	41	91	9	59	41
70	30	82	18	53	47	86	14
99	1	97	3	88	12	96	4
82	18	65	35	92	8	59	41
25	75	58	42	24	76	68	32
82	18	65	35	92	8	59	41
93	7	87	13	86	14	96	4
39	61	50	50	31	69	59	41
100	0	95	5	98	2	84	16
98	2	94	6	87	13	98	2
99	1	97	3	88	12	96	4
56	44	51	49	34	66	61	39
92	8	99	1	98	2	90	10
77	23	90	10	95	5	98	2
56	44	51	49	36	64	61	39
54	46	82	18	77	23	79	21
29	71	20	80	22	78	19	81
100	0	95	5	97	3	84	16
70	30	80	20	76	24	81	19
30	70	20	80	24	76	19	81
92	8	99	1	97	3	90	10
100	0	95	5	97	3	84	16
39	61	35	65	37	63	37	63
30	70	18	82	26	74	26	74
30	70	18	82	26	74	26	74
93	7	91	9	100	0	91	9
98	2	94	6	89	11	98	2
54	46	80	20	73	27	64	36
93	7	91	9	100	0	91	9
97	3	96	4	92	8	86	14
94	6	81	19	100	0	93	7
34	66	46	54	32	68	80	20
93	7	91	9	98	2	83	17
95	5	91	9	98	2	85	15
100	0	95	5	98	2	85	15
68	32	77	23	72	28	90	10
98	2	94	6	89	11	98	2
91	9	92	8	82	18	85	15
34	66	46	54	35	65	80	20
91	9	92	8	82	18	85	15
74	26	94	6	98	2	100	0
37	63	22	78	31	69	26	74
37	63	22	78	31	69	26	74
100	0	93	7	99	1	87	13
92	8	92	8	94	6	73	27
45	55	29	71	27	73	59	41
94	6	93	7	70	30	98	2
35	65	22	78	21	79	30	70
45	55	30	70	27	73	59	41
100	0	93	7	99	1	86	14
65	35	78	22	79	21	69	31
35	65	22	78	21	79	31	69
100	0	93	7	99	1	86	14
89	11	91	9	82	18	84	16
100	0	97	3	73	27	96	4
100	0	97	3	73	27	96	4
91	9	81	19	100	0	97	3
85	15	100	0	98	2	93	7
82	18	77	23	81	19	77	23
82	18	77	23	81	19	77	23
82	18	77	23	80	20	75	25
81	19	78	22	80	20	75	25
89	11	94	6	92	8	90	10
61	39	81	19	84	16	50	50
77	23	93	7	94	6	68	32
39	61	19	81	16	84	50	50
95	5	94	6	98	2	92	8
84	16	81	19	100	0	97	3
30	70	30	70	30	70	43	57
62	38	68	32	72	28	63	37
79	21	93	7	97	3	80	20
38	62	34	66	30	70	45	55
62	38	66	34	70	30	55	45
60	40	62	38	72	28	61	39
60	40	62	38	72	28	61	39
61	39	52	48	35	65	72	28
63	37	52	48	46	54	72	28
42	58	38	62	39	61	39	61
42	58	38	62	39	61	39	61
58	42	62	38	61	39	61	39
100	0	97	3	82	18	96	4
79	21	93	7	98	2	92	8
66	34	66	34	75	25	63	37
65	35	66	34	75	25	63	37
35	65	34	66	29	71	37	63
65	35	66	34	71	29	63	37
83	17	78	22	100	0	93	7
80	20	93	7	98	2	91	9
35	65	34	66	30	70	28	72
35	65	34	66	30	70	28	72
35	65	34	66	29	71	25	75
65	35	66	34	71	29	77	23
65	35	66	34	71	29	77	23
13	87	19	81	23	77	45	55
84	16	81	19	76	24	49	51
84	16	81	19	76	24	49	51
100	0	89	11	71	29	88	12
49	51	59	41	82	18	84	16
96	4	96	4	97	3	86	14
33	67	46	54	60	40	40	60
67	33	54	46	40	60	60	40
66	34	81	19	82	18	91	9
65	35	77	23	80	20	78	22
80	20	78	22	90	10	84	16
54	46	55	45	39	61	58	42
54	46	55	45	39	61	58	42
65	35	72	28	80	20	76	24
98	2	100	0	93	7	87	13
64	36	58	42	79	21	68	32
58	42	69	31	40	60	66	34
65	35	67	33	78	22	71	29
100	0	89	11	77	23	96	4
77	23	78	22	83	17	71	29
59	41	69	31	40	60	66	34
77	23	78	22	83	17	71	29
64	36	53	47	77	23	63	37
64	36	81	19	77	23	89	11
65	35	67	33	78	22	71	29
62	38	52	48	75	25	60	40
83	17	100	0	99	1	96	4
79	21	93	7	100	0	97	3
49	51	66	34	43	57	58	42
100	0	81	19	100	0	97	3
50	50	66	34	43	57	58	42
92	8	100	0	88	12	87	13
92	8	100	0	87	13	82	18
80	20	71	29	80	20	87	13
77	23	92	8	99	1	94	6
58	42	34	66	57	43	44	56
42	58	66	34	43	57	56	44
42	58	66	34	43	57	56	44
80	20	71	29	80	20	87	13
42	58	66	34	43	57	56	44
58	42	34	66	57	43	44	56
42	58	66	34	43	57	56	44
58	42	34	66	57	43	44	56
66	34	34	66	70	30	62	38
42	58	66	34	43	57	56	44
66	34	34	66	70	30	62	38
58	42	34	66	57	43	44	56
92	8	100	0	87	13	82	18
86	14	78	22	93	7	86	14
58	42	34	66	57	43	44	56
42	58	66	34	43	57	56	44
92	8	100	0	87	13	82	18
92	8	100	0	88	12	90	10
65	35	85	15	76	24	72	28
42	58	64	36	43	57	56	44
42	58	64	36	43	57	56	44
58	42	37	63	57	43	44	56
58	42	37	63	57	43	44	56
66	34	37	63	70	30	62	38
58	42	37	63	57	43	44	56
42	58	58	42	38	62	46	54
92	8	100	0	90	10	87	13
40	60	58	42	24	76	46	54
40	60	58	42	24	76	46	54
92	8	100	0	92	8	87	13
92	8	100	0	92	8	87	13
8	92	0	100	8	92	13	87
8	92	0	100	8	92	13	87
92	8	100	0	92	8	87	13
92	8	100	0	92	8	87	13
92	8	100	0	93	7	95	5
88	12	95	5	100	0	97	3
36	64	43	57	24	76	45	55
85	15	66	34	89	11	76	24
92	8	100	0	91	9	87	13
92	8	100	0	91	9	87	13
15	85	34	66	13	87	24	76
88	12	95	5	97	3	97	3
90	10	94	6	86	14	90	10
47	53	44	56	25	75	45	55
62	38	71	29	99	1	92	8
47	53	44	56	25	75	45	55
61	39	56	44	86	14	68	32
61	39	56	44	86	14	68	32
91	9	97	3	74	26	84	16
61	39	56	44	86	14	68	32
47	53	43	57	25	75	45	55
53	47	57	43	72	28	55	45
47	53	43	57	28	72	45	55
92	8	100	0	89	11	87	13
23	77	31	69	27	73	28	72
77	23	69	31	73	27	72	28
85	15	70	30	84	16	87	13
76	24	90	10	100	0	93	7
77	23	69	31	73	27	72	28
23	77	33	67	26	74	28	72
92	8	100	0	90	10	87	13
88	12	90	10	95	5	96	4
36	64	44	56	31	69	35	65
0	100	7	93	4	96	12	88
24	76	41	59	31	69	39	61
76	24	66	34	73	27	73	27
24	76	41	59	31	69	39	61
91	9	93	7	78	22	93	7
88	12	92	8	99	1	95	5
88	12	92	8	99	1	95	5
89	11	72	28	89	11	88	12
90	10	96	4	87	13	94	6
89	11	83	17	100	0	99	1
65	35	56	44	68	32	57	43
65	35	41	59	65	35	50	50
100	0	85	15	97	3	93	7
65	35	42	58	65	35	50	50
35	65	54	46	35	65	49	51
65	35	46	54	63	37	51	49
35	65	54	46	37	63	49	51
35	65	54	46	37	63	49	51
48	52	68	32	38	62	53	47
54	46	83	17	52	48	61	39
54	46	82	18	50	50	61	39
87	13	86	14	100	0	98	2
54	46	83	17	52	48	61	39
52	48	47	53	69	31	65	35
54	46	83	17	52	48	57	43
54	46	83	17	52	48	57	43
92	8	100	0	90	10	95	5
48	52	53	47	31	69	34	66
94	6	86	14	88	12	94	6
54	46	83	17	44	56	56	44
100	0	85	15	95	5	97	3
85	15	68	32	83	17	88	12
15	85	32	68	17	83	12	88
85	15	69	31	88	12	94	6
15	85	31	69	15	85	9	91
52	48	72	28	43	57	55	45
86	14	71	29	92	8	82	18
85	15	68	32	83	17	89	11
15	85	32	68	15	85	11	89
84	16	68	32	86	14	89	11
92	8	69	31	86	14	89	11
8	92	31	69	13	87	11	89
8	92	31	69	13	87	11	89
45	55	74	26	52	48	67	33
92	8	69	31	87	13	89	11
8	92	31	69	13	87	11	89
92	8	69	31	87	13	89	11
20	80	31	69	13	87	11	89
45	55	71	29	40	60	56	44
94	6	70	30	91	9	94	6
20	80	31	69	13	87	21	79
45	55	72	28	40	60	56	44
45	55	72	28	39	61	49	51
100	0	97	3	89	11	89	11
45	55	72	28	40	60	54	46
45	55	70	30	49	51	58	42
55	45	30	70	60	40	49	51
45	55	70	30	40	60	51	49
49	51	87	13	50	50	70	30
87	13	85	15	98	2	92	8
75	25	98	2	100	0	91	9
100	0	92	8	97	3	90	10
50	50	83	17	52	48	65	35
100	0	93	7	96	4	90	10
97	3	92	8	79	21	86	14
31	69	46	54	17	83	23	77
89	11	85	15	93	7	92	8
42	58	68	32	27	73	38	62
87	13	93	7	99	1	100	0
17	83	59	41	18	82	16	84
89	11	95	5	88	12	89	11
7	93	44	56	11	89	6	94
90	10	85	15	93	7	92	8
90	10	85	15	93	7	92	8
22	78	60	40	19	81	25	75
94	6	91	9	96	4	95	5
10	90	51	49	18	82	27	73
100	0	86	14	94	6	92	8
76	24	60	40	47	53	60	40
85	15	80	20	56	44	77	23
0	100	15	85	5	95	8	92
0	100	15	85	5	95	8	92
100	0	85	15	95	5	92	8
100	0	85	15	95	5	92	8
42	58	53	47	62	38	55	45
52	48	91	9	72	28	68	32
93	7	85	15	94	6	89	11
93	7	85	15	94	6	89	11
74	26	63	37	56	44	63	37
93	7	85	15	94	6	89	11
93	7	85	15	94	6	89	11
33	67	55	45	50	50	48	52
97	3	68	32	90	10	85	15
97	3	70	30	90	10	85	15
45	55	57	43	51	49	49	51
98	2	93	7	95	5	94	6
45	55	56	44	51	49	45	55
71	29	63	37	84	16	76	24
50	50	87	13	63	37	70	30
55	45	44	56	49	51	55	45
45	55	56	44	51	49	45	55
54	46	43	57	49	51	58	42
46	54	57	43	51	49	42	58
54	46	44	56	49	51	58	42
54	46	44	56	49	51	58	42
54	46	44	56	49	51	58	42
93	7	81	19	67	33	82	18
98	2	93	7	95	5	94	6
46	54	56	44	50	50	44	56
46	54	56	44	50	50	44	56
98	2	90	10	100	0	92	8
61	39	63	37	84	16	76	24
63	37	63	37	88	12	76	24
83	17	91	9	100	0	87	13
83	17	91	9	100	0	84	16
92	8	81	19	63	37	84	16
84	16	91	9	100	0	84	16
50	50	85	15	50	50	56	44
98	2	90	10	100	0	87	13
56	44	33	67	73	27	56	44
86	14	92	8	100	0	98	2
98	2	89	11	100	0	87	13
65	35	83	17	91	9	95	5
98	2	87	13	100	0	87	13
2	98	13	87	0	100	13	87
93	7	90	10	80	20	89	11
98	2	87	13	100	0	87	13
2	98	11	89	0	100	13	87
98	2	89	11	100	0	87	13
40	60	22	78	29	71	14	86
34	66	8	92	19	81	1	99
94	6	88	12	94	6	90	10
66	34	87	13	81	19	99	1
90	10	61	39	84	16	74	26
33	67	13	87	5	95	1	99
50	50	64	36	42	58	41	59
51	49	77	23	28	72	54	46
57	43	51	49	80	20	73	27
96	4	89	11	99	1	83	17
4	96	12	88	1	99	17	83
62	38	52	48	80	20	73	27
54	46	68	32	29	71	43	57
63	37	40	60	73	27	60	40
96	4	89	11	100	0	92	8
90	10	82	18	70	30	75	25
96	4	89	11	100	0	92	8
84	16	95	5	100	0	95	5
96	4	67	33	88	12	74	26
98	2	89	11	100	0	92	8
94	6	85	15	86	14	77	23
94	6	100	0	83	17	99	1
94	6	85	15	86	14	77	23
94	6	85	15	86	14	76	24
95	5	84	16	99	1	92	8
94	6	88	12	93	7	90	10
94	6	85	15	86	14	76	24
94	6	85	15	86	14	76	24
94	6	85	15	86	14	76	24
90	10	78	22	87	13	73	27
10	90	22	78	13	87	27	73
84	16	52	48	72	28	60	40
81	19	80	20	98	2	87	13
89	11	89	11	80	20	80	20
80	20	80	20	98	2	87	13
89	11	87	13	80	20	80	20
91	9	92	8	100	0	97	3
67	33	42	58	47	53	51	49
67	33	42	58	47	53	51	49
80	20	80	20	98	2	87	13
90	10	97	3	100	0	93	7
91	9	92	8	100	0	97	3
93	7	72	28	80	20	72	28
77	23	90	10	76	24	82	18
7	93	28	72	31	69	28	72
77	23	91	9	87	13	82	18
83	17	78	22	66	34	87	13
95	5	89	11	93	7	89	11
80	20	86	14	98	2	87	13
36	64	56	44	43	57	61	39
83	17	78	22	68	32	85	15
95	5	89	11	100	0	90	10
95	5	89	11	100	0	90	10
83	17	78	22	68	32	86	14
34	66	57	43	46	54	61	39
91	9	74	26	76	24	79	21
93	7	87	13	99	1	87	13
80	20	80	20	78	22	70	30
78	22	83	17	86	14	86	14
78	22	83	17	86	14	86	14
75	25	60	40	67	33	78	22
57	43	63	37	59	41	54	46
57	43	63	37	59	41	54	46
77	23	59	41	75	25	77	23
77	23	59	41	75	25	77	23
55	45	64	36	51	49	54	46
58	42	69	31	71	29	81	19
92	8	79	21	99	1	91	9
95	5	79	21	75	25	80	20
79	21	91	9	69	31	73	27
73	27	55	45	66	34	66	34
93	7	100	0	82	18	100	0
85	15	89	11	89	11	96	4
71	29	82	18	70	30	81	19
73	27	83	17	69	31	65	35
73	27	83	17	69	31	65	35
22	78	17	83	28	72	31	69
78	22	83	17	74	26	69	31
78	22	83	17	74	26	69	31
84	16	79	21	99	1	91	9
75	25	83	17	76	24	77	23
75	25	83	17	76	24	77	23
75	25	78	22	76	24	76	24
25	75	27	73	24	76	23	77
51	49	56	44	50	50	61	39
95	5	88	12	95	5	91	9
49	51	46	54	50	50	49	51
69	31	78	22	54	46	73	27
51	49	52	48	50	50	54	46
88	12	100	0	94	6	88	12
49	51	48	52	50	50	45	55
51	49	52	48	50	50	55	45
53	47	55	45	50	50	67	33
47	53	45	55	50	50	33	67
56	44	57	43	51	49	71	29
68	32	73	27	51	49	75	25
88	12	84	16	100	0	96	4
59	41	61	39	71	29	70	30
88	12	100	0	94	6	91	9
88	12	100	0	94	6	91	9
83	17	83	17	93	7	84	16
88	12	100	0	94	6	91	9
78	22	84	16	71	29	70	30
76	24	69	31	88	12	79	21
83	17	82	18	64	36	80	20
82	18	97	3	73	27	80	20
89	11	81	19	86	14	77	23
48	52	61	39	47	53	55	45
70	30	90	10	91	9	81	19
100	0	99	1	91	9	89	11
99	1	98	2	94	6	89	11
31	69	49	51	44	56	45	55
35	65	51	49	45	55	45	55
79	21	69	31	56	44	59	41
64	36	48	52	55	45	55	45
48	52	45	55	50	50	51	49
98	2	89	11	94	6	92	8
47	53	45	55	50	50	51	49
54	46	55	45	50	50	49	51
86	14	79	21	99	1	94	6
78	22	81	19	71	29	77	23
86	14	92	8	99	1	94	6
86	14	92	8	99	1	94	6
86	14	92	8	99	1	94	6
54	46	41	59	50	50	50	50
86	14	92	8	99	1	94	6
53	47	41	59	50	50	50	50
14	86	8	92	1	99	6	94
86	14	92	8	99	1	94	6
53	47	41	59	51	49	57	43
19	81	10	90	2	98	10	90
72	28	90	10	93	7	82	18
66	34	84	16	92	8	86	14
99	1	98	2	94	6	82	18
97	3	89	11	81	19	82	18
28	72	20	80	7	93	17	83
70	30	90	10	93	7	83	17
30	70	10	90	7	93	17	83
90	10	92	8	99	1	94	6
30	70	20	80	7	93	17	83
70	30	90	10	93	7	83	17
80	20	63	37	47	53	77	23
70	30	90	10	93	7	83	17
74	26	90	10	96	4	87	13
94	6	98	2	89	11	85	15
74	26	91	9	96	4	87	13
85	15	94	6	96	4	96	4
85	15	84	16	79	21	89	11
74	26	91	9	96	4	87	13
85	15	84	16	79	21	89	11
88	12	86	14	94	6	94	6
74	26	81	19	79	21	80	20
74	26	81	19	79	21	80	20
87	13	92	8	95	5	90	10
87	13	92	8	95	5	90	10
60	40	61	39	65	35	64	36
58	42	69	31	73	27	69	31
65	35	49	51	46	54	47	53
81	19	90	10	95	5	88	12
88	12	95	5	95	5	93	7
86	14	93	7	93	7	90	10
80	20	84	16	91	9	85	15
78	22	83	17	92	8	61	39
55	45	37	63	49	51	44	56
95	5	84	16	92	8	97	3
77	23	54	46	57	43	83	17
89	11	97	3	93	7	91	9
82	18	70	30	64	36	86	14
98	2	90	10	91	9	99	1
92	8	100	0	82	18	100	0
63	37	68	32	66	34	65	35
79	21	79	21	81	19	82	18
82	18	68	32	69	31	86	14
80	20	96	4	85	15	84	16
60	40	51	49	59	41	56	44
92	8	93	7	94	6	93	7
86	14	81	19	85	15	85	15
86	14	90	10	95	5	89	11
62	38	76	24	62	38	57	43
98	2	87	13	90	10	94	6
86	14	90	10	95	5	89	11
81	19	73	27	80	20	75	25
27	73	21	79	35	65	22	78
74	26	79	21	75	25	78	22
75	25	70	30	76	24	77	23
86	14	79	21	84	16	88	12
77	23	70	30	76	24	77	23
84	16	95	5	92	8	77	23
95	5	87	13	94	6	99	1
88	12	100	0	83	17	100	0
35	65	27	73	37	63	37	63
35	65	27	73	35	65	37	63
35	65	27	73	35	65	37	63
92	8	95	5	97	3	92	8
35	65	27	73	29	71	37	63
85	15	95	5	92	8	79	21
95	5	87	13	94	6	99	1
94	6	84	16	92	8	95	5
56	44	73	27	70	30	62	38
67	33	79	21	75	25	77	23
67	33	79	21	75	25	77	23
95	5	94	6	92	8	79	21
99	1	94	6	95	5	89	11
12	88	5	95	5	95	12	88
88	12	95	5	95	5	88	12
88	12	95	5	95	5	88	12
73	27	68	32	77	23	76	24
73	27	68	32	77	23	76	24
88	12	95	5	95	5	88	12
72	28	49	51	64	36	78	22
86	14	100	0	85	15	100	0
40	60	37	63	26	74	32	68
93	7	95	5	96	4	93	7
93	7	95	5	96	4	93	7
93	7	95	5	96	4	93	7
87	13	79	21	86	14	58	42
68	32	73	27	79	21	77	23
7	93	5	95	4	96	7	93
95	5	66	34	84	16	91	9
7	93	5	95	4	96	7	93
7	93	5	95	4	96	7	93
33	67	27	73	21	79	23	77
67	33	73	27	79	21	78	22
91	9	84	16	91	9	85	15
90	10	97	3	98	2	80	20
67	33	73	27	79	21	78	22
72	28	60	40	60	40	73	27
88	12	100	0	86	14	100	0
63	37	94	6	47	53	82	18
58	42	60	40	38	62	73	27
58	42	67	33	39	61	73	27
42	58	33	67	61	39	27	73
94	6	90	10	93	7	91	9
58	42	67	33	39	61	73	27
71	29	70	30	82	18	57	43
58	42	67	33	39	61	73	27
96	4	97	3	94	6	93	7
96	4	97	3	94	6	93	7
96	4	90	10	93	7	84	16
74	26	73	27	68	32	94	6
74	26	73	27	68	32	94	6
88	12	73	27	91	9	94	6
69	31	73	27	65	35	94	6
89	11	83	17	93	7	90	10
98	2	93	7	97	3	91	9
26	74	27	73	32	68	10	90
69	31	73	27	69	31	95	5
31	69	27	73	31	69	9	91
89	11	90	10	93	7	89	11
93	7	97	3	93	7	92	8
75	25	70	30	83	17	94	6
92	8	91	9	93	7	92	8
80	20	94	6	64	36	88	12
46	54	50	50	47	53	36	64
98	2	92	8	97	3	91	9
55	45	65	35	56	44	50	50
98	2	92	8	95	5	79	21
98	2	91	9	92	8	79	21
75	25	70	30	67	33	88	12
88	12	96	4	94	6	98	2
77	23	80	20	86	14	77	23
59	41	56	44	51	49	62	38
98	2	95	5	97	3	88	12
14	86	20	80	14	86	22	78
54	46	68	32	63	37	59	41
6	94	9	91	8	92	11	89
56	44	72	28	71	29	85	15
94	6	83	17	92	8	89	11
46	54	58	42	57	43	48	52
6	94	17	83	8	92	11	89
92	8	86	14	94	6	85	15
94	6	83	17	92	8	89	11
58	42	59	41	54	46	63	37
98	2	100	0	92	8	78	22
6	94	17	83	13	87	10	90
94	6	83	17	87	13	90	10
92	8	87	13	94	6	84	16
94	6	83	17	88	12	90	10
58	42	57	43	63	37	46	54
88	12	100	0	89	11	100	0
68	32	67	33	54	46	85	15
68	32	67	33	52	48	85	15
70	30	70	30	65	35	98	2
84	16	89	11	89	11	90	10
93	7	92	8	95	5	96	4
47	53	55	45	59	41	31	69
88	12	96	4	96	4	93	7
68	32	67	33	52	48	85	15
74	26	71	29	73	27	69	31
45	55	55	45	52	48	23	77
72	28	75	25	66	34	65	35
66	34	66	34	58	42	93	7
66	34	66	34	58	42	93	7
56	44	55	45	42	58	76	24
87	13	91	9	97	3	87	13
57	43	54	46	63	37	37	63
98	2	87	13	93	7	88	12
93	7	92	8	95	5	96	4
59	41	64	36	63	37	44	56
41	59	36	64	37	63	56	44
41	59	36	64	37	63	56	44
91	9	79	21	83	17	83	17
41	59	36	64	37	63	56	44
91	9	79	21	83	17	83	17
68	32	85	15	80	20	61	39
98	2	87	13	88	12	87	13
93	7	92	8	95	5	96	4
98	2	87	13	88	12	87	13
66	34	80	20	78	22	69	31
66	34	80	20	78	22	69	31
66	34	80	20	78	22	69	31
66	34	80	20	78	22	69	31
84	16	85	15	65	35	91	9
98	2	85	15	100	0	96	4
82	18	70	30	52	48	77	23
93	7	100	0	85	15	92	8
79	21	95	5	84	16	83	17
79	21	95	5	84	16	83	17
90	10	94	6	94	6	92	8
90	10	94	6	94	6	91	9
24	76	39	61	53	47	26	74
17	83	33	67	53	47	26	74
78	22	95	5	84	16	83	17
59	41	61	39	34	66	67	33
81	19	77	23	50	50	81	19
88	12	93	7	97	3	96	4
78	22	93	7	85	15	86	14
81	19	67	33	49	51	82	18
81	19	67	33	49	51	82	18
41	59	40	60	66	34	32	68
78	22	93	7	85	15	86	14
78	22	93	7	85	15	86	14
96	4	76	24	85	15	91	9
78	22	93	7	85	15	86	14
67	33	56	44	89	11	71	29
78	22	93	7	85	15	86	14
78	22	93	7	85	15	86	14
74	26	79	21	71	29	60	40
95	5	83	17	92	8	92	8
77	23	91	9	76	24	65	35
83	17	96	4	70	30	90	10
95	5	83	17	92	8	98	2
94	6	93	7	100	0	87	13
95	5	82	18	88	12	82	18
95	5	82	18	88	12	82	18
85	15	99	1	94	6	86	14
95	5	82	18	92	8	89	11
93	7	83	17	92	8	94	6
8	92	17	83	8	92	6	94
92	8	83	17	91	9	94	6
92	8	83	17	91	9	93	7
64	36	74	26	54	46	66	34
44	56	43	57	54	46	47	53
92	8	80	20	91	9	89	11
44	56	43	57	52	48	45	55
92	8	80	20	91	9	88	12
44	56	43	57	52	48	46	54
44	56	43	57	52	48	41	59
89	11	81	19	97	3	97	3
92	8	91	9	92	8	91	9
44	56	36	64	51	49	53	47
70	30	77	23	57	43	72	28
93	7	99	1	88	12	90	10
35	65	40	60	57	43	57	43
97	3	100	0	88	12	90	10
94	6	86	14	91	9	97	3
97	3	100	0	88	12	90	10
87	13	86	14	70	30	91	9
85	15	78	22	91	9	71	29
87	13	94	6	94	6	89	11
85	15	78	22	91	9	71	29
97	3	100	0	89	11	90	10
87	13	83	17	62	38	82	18
13	87	17	83	38	62	18	82
80	20	78	22	61	39	82	18
73	27	82	18	67	33	79	21
85	15	75	25	87	13	65	35
97	3	100	0	89	11	90	10
60	40	60	40	64	36	75	25
74	26	80	20	68	32	88	12
90	10	86	14	75	25	88	12
88	12	79	21	86	14	78	22
84	16	94	6	93	7	100	0
88	12	79	21	86	14	77	23
98	2	100	0	91	9	90	10
59	41	61	39	61	39	70	30
88	12	79	21	87	13	78	22
81	19	84	16	62	38	85	15
61	39	64	36	68	32	82	18
54	46	64	36	68	32	82	18
55	45	64	36	68	32	86	14
56	44	62	38	38	62	35	65
91	9	86	14	68	32	80	20
91	9	86	14	68	32	80	20
56	44	62	38	38	62	35	65
65	35	76	24	70	30	56	44
98	2	100	0	91	9	91	9
91	9	86	14	68	32	81	19
59	41	66	34	38	62	36	64
85	15	85	15	80	20	65	35
38	62	45	55	73	27	66	34
94	6	85	15	89	11	100	0
45	55	42	58	74	26	66	34
86	14	83	17	97	3	95	5
90	10	90	10	87	13	74	26
52	48	65	35	27	73	25	75
40	60	43	57	16	84	25	75
86	14	66	34	49	51	74	26
64	36	58	42	30	70	41	59
47	53	46	54	73	27	58	42
92	8	88	12	72	28	77	23
78	22	90	10	81	19	68	32
87	13	90	10	96	4	96	4
94	6	85	15	88	12	100	0
94	6	86	14	94	6	100	0
87	13	90	10	96	4	96	4
98	2	80	20	99	1	76	24
36	64	19	81	21	79	34	66
94	6	100	0	91	9	92	8
98	2	98	2	93	7	79	21
90	10	85	15	88	12	100	0
98	2	98	2	93	7	79	21
63	37	70	30	80	20	66	34
93	7	89	11	91	9	92	8
59	41	56	44	38	62	44	56
1	99	3	97	5	95	19	81
100	0	98	2	95	5	81	19
22	78	39	61	29	71	29	71
97	3	85	15	97	3	100	0
82	18	100	0	93	7	100	0
83	17	87	13	85	15	91	9
65	35	57	43	70	30	86	14
100	0	95	5	95	5	81	19
35	65	48	52	35	65	33	67
73	27	61	39	45	55	65	35
97	3	85	15	97	3	100	0
87	13	94	6	95	5	96	4
33	67	47	53	35	65	33	67
67	33	56	44	70	30	86	14
33	67	44	56	30	70	14	86
33	67	39	61	30	70	13	87
67	33	61	39	70	30	87	13
83	17	90	10	79	21	91	9
16	84	29	71	16	84	4	96
87	13	94	6	95	5	96	4
16	84	29	71	16	84	5	95
87	13	92	8	86	14	91	9
87	13	94	6	95	5	96	4
83	17	71	29	84	16	95	5
17	83	29	71	16	84	5	95
83	17	79	21	92	8	95	5
87	13	92	8	81	19	91	9
87	13	92	8	81	19	91	9
13	87	8	92	19	81	9	91
27	73	36	64	30	70	11	89
27	73	36	64	30	70	11	89
81	19	92	8	87	13	96	4
23	77	8	92	19	81	8	92
25	75	24	76	28	72	37	63
99	1	92	8	93	7	80	20
76	24	84	16	79	21	83	17
76	24	84	16	79	21	83	17
48	52	39	61	35	65	47	53
87	13	98	2	98	2	93	7
93	7	95	5	93	7	98	2
77	23	76	24	86	14	71	29
87	13	94	6	94	6	96	4
74	26	76	24	86	14	71	29
26	74	10	90	15	85	29	71
87	13	94	6	95	5	96	4
53	47	22	78	33	67	34	66
47	53	78	22	67	33	66	34
53	47	22	78	33	67	34	66
79	21	98	2	95	5	91	9
53	47	22	78	35	65	29	71
100	0	99	1	87	13	84	16
47	53	78	22	65	35	71	29
51	49	77	23	68	32	74	26
49	51	35	65	50	50	38	62
49	51	35	65	50	50	38	62
96	4	81	19	95	5	97	3
49	51	35	65	50	50	40	60
40	60	35	65	51	49	39	61
60	40	65	35	49	51	61	39
40	60	35	65	51	49	39	61
91	9	100	0	94	6	91	9
40	60	35	65	51	49	39	61
79	21	84	16	85	15	96	4
15	85	19	81	36	64	35	65
15	85	19	81	36	64	35	65
97	3	93	7	79	21	92	8
88	12	86	14	86	14	96	4
21	79	8	92	27	73	17	83
33	67	31	69	54	46	35	65
98	2	91	9	91	9	86	14
33	67	31	69	50	50	35	65
89	11	99	1	100	0	92	8
89	11	99	1	100	0	92	8
94	6	90	10	92	8	92	8
6	94	10	90	8	92	8	92
6	94	10	90	8	92	8	92
32	68	24	76	21	79	25	75
6	94	10	90	7	93	8	92
6	94	10	90	7	93	8	92
98	2	93	7	89	11	96	4
6	94	10	90	7	93	8	92
94	6	90	10	93	7	92	8
94	6	90	10	93	7	92	8
94	6	90	10	93	7	92	8
6	94	10	90	7	93	8	92
98	2	90	10	93	7	92	8
79	21	98	2	99	1	93	7
98	2	90	10	93	7	92	8
98	2	90	10	93	7	92	8
2	98	10	90	7	93	8	92
16	84	10	90	11	89	11	89
47	53	78	22	85	15	79	21
47	53	78	22	85	15	79	21
100	0	89	11	93	7	94	6
58	42	33	67	22	78	28	72
89	11	63	37	63	37	47	53
60	40	61	39	52	48	74	26
40	60	39	61	48	52	26	74
40	60	42	58	48	52	26	74
39	61	42	58	48	52	26	74
61	39	58	42	52	48	74	26
50	50	40	60	49	51	71	29
50	50	60	40	51	49	29	71
83	17	97	3	95	5	89	11
50	50	40	60	49	51	71	29
78	22	98	2	99	1	93	7
74	26	93	7	94	6	83	17
96	4	95	5	95	5	90	10
9	91	31	69	39	61	51	49
91	9	65	35	61	39	49	51
91	9	65	35	61	39	49	51
92	8	65	35	61	39	49	51
79	21	98	2	99	1	93	7
89	11	86	14	91	9	90	10
79	21	98	2	99	1	93	7
13	87	38	62	44	56	60	40
14	86	42	58	44	56	60	40
88	12	100	0	95	5	95	5
13	87	39	61	44	56	60	40
87	13	61	39	56	44	40	60
87	13	71	29	64	36	46	54
91	9	83	17	87	13	80	20
73	27	72	28	65	35	55	45
10	90	13	87	10	90	22	78
90	10	87	13	90	10	78	22
27	73	49	51	53	47	38	62
84	16	95	5	97	3	93	7
32	68	54	46	54	46	29	71
32	68	54	46	54	46	29	71
31	69	54	46	54	46	29	71
31	69	54	46	53	47	29	71
89	11	82	18	92	8	71	29
100	0	90	10	87	13	94	6
31	69	42	58	51	49	29	71
69	31	58	42	49	51	71	29
89	11	69	31	90	10	69	31
76	24	60	40	50	50	80	20
49	51	50	50	54	46	27	73
100	0	90	10	87	13	94	6
49	51	49	51	54	46	27	73
100	0	78	22	85	15	94	6
44	56	60	40	56	44	24	76
87	13	75	25	62	38	89	11
41	59	38	62	41	59	18	82
94	6	88	12	81	19	75	25
33	67	28	72	40	60	11	89
33	67	28	72	40	60	11	89
80	20	72	28	60	40	89	11
80	20	72	28	60	40	89	11
80	20	72	28	60	40	89	11
94	6	90	10	97	3	98	2
94	6	88	12	81	19	81	19
20	80	50	50	57	43	18	82
80	20	50	50	43	57	82	18
88	12	75	25	56	44	87	13
19	81	50	50	53	47	20	80
79	21	49	51	46	54	71	29
21	79	50	50	54	46	28	72
45	55	60	40	66	34	42	58
89	11	98	2	97	3	91	9
21	79	50	50	54	46	36	64
76	24	90	10	88	12	94	6
88	12	74	26	59	41	78	22
9	91	24	76	13	87	14	86
91	9	97	3	97	3	91	9
93	7	88	12	99	1	92	8
21	79	50	50	54	46	36	64
82	18	89	11	73	27	71	29
97	3	98	2	85	15	84	16
89	11	99	1	97	3	91	9
25	75	52	48	51	49	40	60
25	75	52	48	51	49	40	60
25	75	63	37	52	48	44	56
25	75	63	37	54	46	44	56
84	16	93	7	97	3	84	16
75	25	38	62	46	54	56	44
52	48	73	27	66	34	50	50
100	0	79	21	90	10	95	5
75	25	38	62	46	54	56	44
92	8	76	24	78	22	91	9
70	30	90	10	88	12	94	6
100	0	78	22	90	10	95	5
33	67	54	46	75	25	73	27
60	40	82	18	81	19	91	9
90	10	90	10	78	22	71	29
92	8	79	21	98	2	89	11
77	23	78	22	49	51	65	35
97	3	90	10	79	21	80	20
23	77	22	78	49	51	35	65
89	11	84	16	58	42	73	27
77	23	78	22	51	49	65	35
23	77	22	78	49	51	35	65
23	77	22	78	49	51	35	65
77	23	78	22	51	49	65	35
75	25	73	27	50	50	55	45
57	43	59	41	56	44	64	36
71	29	93	7	95	5	97	3
97	3	91	9	78	22	80	20
95	5	94	6	93	7	94	6
86	14	96	4	100	0	88	12
89	11	91	9	99	1	99	1
